0.9325555555555556
0.9312222222222223
0.941611111111111
0.9445000000000001
0.921111111111111
0.9343333333333332
0.9301666666666668
0.9175555555555557
0.9411111111111112
0.9362777777777779
0.92515
0.9296999999999999
0.9156000000000001
0.9434500000000001
0.9218999999999999
0.92965
0.9140499999999999
0.9271499999999999
0.94575
0.9274999999999999
0.9420499999999998
0.9286000000000001
0.9378499999999999
0.9158000000000002
0.91275
0.9369
0.94255
0.95515
0.9324499999999999
0.9333499999999999
0.9224
0.92165
0.9215
0.9208999999999999
0.9218999999999999
0.8358500000000001
0.9389090909090908
0.9377083333333333
0.93159375
0.9359999999999999
0.938125
0.9222083333333332
0.9381666666666667
0.9296250000000001
0.9389166666666665
0.9389333333333333
0.939230769230769
0.93896875
0.9377666666666665
0.9385999999999999
0.9365
0.9377500000000002
0.9380416666666664
0.9385416666666667
0.9389999999999997
0.9387499999999999
0.938625
0.8974583333333332
0.9024583333333335
0.9384166666666668
0.9031666666666668
0.9387916666666668
0.902625
0.9380833333333333
0.9022916666666667
0.9023333333333333
0.9025416666666667
0.9023333333333334
0.90225
0.9386249999999999
0.9365416666666667
0.9390833333333332
0.9392083333333333
0.9357916666666665
0.9387083333333331
0.9390416666666667
0.9387499999999999
0.9371666666666667
0.9384166666666666
0.9391249999999999
0.9329921875
0.9369999999999999
0.9393846153846153
0.94025
0.9398076923076921
0.9399285714285713
0.9264642857142859
0.9407500000000001
0.940392857142857
0.9400000000000001
0.9407499999999999
0.9398928571428572
0.9395714285714284
0.9395
0.9403571428571427
0.9412894736842107
0.9421666666666666
0.9409333333333334
0.9395
0.94003125
0.8725937500000001
0.90953125
0.9086875
0.9273658536585365
0.9422187500000001
0.9410624999999999
0.9415
0.9417187499999999
0.94175
0.94190625
0.9438823529411764
0.9439411764705883
0.9434117647058824
0.9442749999999999
